{
  "advancedEditorSelectedIdentifier" : "ProjectBrowser",
  "openSceneRelativePaths" : [
    "Scene.usda",
    "Block.usda"
  ],
  "recentIdentifiers" : {
    "0ED1E7A6-DB37-4987-8582-DD38F18B3755" : [

    ],
    "26DBAE76-5DD8-47B6-A085-1B4ADA111097" : [

    ]
  },
  "sceneCameraHistory" : {
    "0ED1E7A6-DB37-4987-8582-DD38F18B3755" : [
      {
        "date" : 746989824.235888,
        "title" : "Untitled",
        "transform" : [
          1,
          0,
          -0,
          0,
          -0,
          0.8660253,
          -0.50000006,
          0,
          0,
          0.50000006,
          0.8660253,
          0,
          0,
          0.427433,
          0.7403358,
          1
        ]
      }
    ],
    "26DBAE76-5DD8-47B6-A085-1B4ADA111097" : [
      {
        "date" : 746989785.352099,
        "title" : "Untitled",
        "transform" : [
          0.99557287,
          -3.0801464e-09,
          0.09399286,
          0,
          0.0469889,
          0.86607164,
          -0.49770665,
          0,
          -0.08140456,
          0.49991986,
          0.86223745,
          0,
          -0.13999587,
          0.8580993,
          1.4798051,
          1
        ]
      },
      {
        "date" : 746943940.427591,
        "title" : "Untitled",
        "transform" : [
          0.9999509,
          -3.0801464e-09,
          -0.009911849,
          0,
          -0.004955128,
          0.86607164,
          -0.4998953,
          0,
          0.008584374,
          0.49991986,
          0.86602914,
          0,
          0.014448148,
          0.8580993,
          1.4863423,
          1
        ]
      },
      {
        "date" : 746943929.077463,
        "title" : "Untitled",
        "transform" : [
          0.9999509,
          -1.0977439e-08,
          -0.009911862,
          0,
          -0.0042729275,
          0.9023078,
          -0.4310713,
          0,
          0.008943529,
          0.43109244,
          0.90226346,
          0,
          -0.22964853,
          0.51600295,
          1.0143805,
          1
        ]
      },
      {
        "date" : 745787330.285643,
        "title" : "Untitled",
        "transform" : [
          0.9999509,
          -1.0977439e-08,
          -0.009911862,
          0,
          -0.0042729275,
          0.9023078,
          -0.4310713,
          0,
          0.008943529,
          0.43109244,
          0.90226346,
          0,
          -0.2317874,
          0.41290587,
          0.7986013,
          1
        ]
      },
      {
        "date" : 745787326.465939,
        "title" : "Untitled",
        "transform" : [
          0.99990207,
          -1.0797438e-08,
          -0.013996703,
          0,
          0.000562121,
          0.9991933,
          0.040156722,
          0,
          0.01398541,
          -0.040160697,
          0.99909544,
          0,
          -0.22775464,
          0.004846722,
          0.8544344,
          1
        ]
      },
      {
        "date" : 745786933.06487,
        "title" : "Untitled",
        "transform" : [
          0.9965961,
          -1.0071307e-08,
          0.08243941,
          0,
          0.037566025,
          0.8901435,
          -0.45412928,
          0,
          -0.0733829,
          0.45568037,
          0.8871135,
          0,
          -0.30385405,
          0.43508288,
          0.76575226,
          1
        ]
      },
      {
        "date" : 745786884.308455,
        "title" : "Untitled",
        "transform" : [
          0.99659604,
          -4.173601e-09,
          0.08243945,
          0,
          0.026534565,
          0.9467848,
          -0.3207718,
          0,
          -0.078052334,
          0.3218674,
          0.94356203,
          0,
          -0.9976966,
          0.4152464,
          0.7739689,
          1
        ]
      },
      {
        "date" : 745786824.191984,
        "title" : "Untitled",
        "transform" : [
          -0.58476126,
          1.291669e-09,
          -0.8112055,
          0,
          -0.3769496,
          0.8854795,
          0.2717259,
          0,
          0.7183059,
          0.46467832,
          -0.51779413,
          0,
          1.1759946,
          0.54248875,
          0.2993313,
          1
        ]
      },
      {
        "date" : 745786749.359902,
        "title" : "Untitled",
        "transform" : [
          0.6811538,
          8.87598e-10,
          -0.7321404,
          0,
          -0.18395038,
          0.96792215,
          -0.17113997,
          0,
          0.70865494,
          0.25125012,
          0.6593037,
          0,
          0.011829972,
          0.3512408,
          1.2819307,
          1
        ]
      },
      {
        "date" : 745786716.92489,
        "title" : "Untitled",
        "transform" : [
          0.9081641,
          8.044907e-10,
          -0.4186144,
          0,
          -0.15572727,
          0.92823005,
          -0.33784297,
          0,
          0.38857043,
          0.3720065,
          0.8429852,
          0,
          -0.49752045,
          0.46027106,
          1.1434512,
          1
        ]
      }
    ],
    "1036BAA3-0414-4200-BB6B-E7608AC61761" : [
      {
        "date" : 746990086.311398,
        "title" : "Untitled",
        "transform" : [
          1,
          0,
          -0,
          0,
          -0,
          0.8660254,
          -0.5,
          0,
          0,
          0.5,
          0.8660254,
          0,
          0,
          0.43935174,
          0.76097965,
          1
        ]
      }
    ]
  },
  "selectedSceneRelativePath" : "Scene.usda"
}